111 1111111111 li 1111111 1111111111. 111

11111111,111111111111 manlium 11111111 1111111111 11111111 11 11111111111,11 1111111 11 111111 illua
pauculorum 1111111111 quid 1111111111 111111· 1111111111 1111111111111111111111 1111111
1111111111111111111111 1111111. 1111111111 11111 1111111111 omniu. 11111111 111111, 111 111·
iocum 1111111111 . 11111 1111111111111111111.111 anim 11111111111111·

111111 1111111 11111111111111 1111111111, 111111 11111111 11111111111111111 1111111111 111 11111111 11111
ilino 11111 1111111 11111 1111111111, 11111 11 111· 1111111,111111111111111111111111111 11111111
uilla, 111 11111111 intelligitur. 0111111 111 11111111· 11111111 1111111111111111111111111 11111111. 1111
1111,1111111111111111 11111 111111111, inquil, 111111- 111111111111111111 1111111111111111,1111111,
111 111, 11 11 11111 lanu iniuriarum 1111111111 11111111 1111111, 111 11 111111111111 1111111
lunen 1111 111111 1111111 111111111 1 1111111111 videnlur. 1111111111 11111111,1111111111111,11·
1111111111111111111111111,111111111111111111111, 11111111 1 11111111 1111111111 111111 11111111111
11111111 111111111111111111111111. 11111 quoquo 11111111 1111111111 11111111 ia

11111111111111111111111111111111111 11111111 inuetitum 111111111111, 11111111 1111111111 1111
nuper 1111111111111111111 linquo 1111111ιί1111, 1111111111111111111111111111111111111 11111·
1111111111111111111111111111, nullon 1111 111 11,11111111111111111111,11111111111111ι11111,
11111111 111111111111111111111111111 Dominus Ι 11111 1 1111111111 1111111111 iloni 11111Ιί1111,
111111111111111111111111. 11111111 111111 1111111111. 11111111 11111 111

1111111111 11 1111111111 1111111111,11111111111 1111111111111111,111111111111,1111111111111
oium 11111111111111 11 [1111111111 11111111 111111 intelliguntur : 11111111 111111111111111-
111111111111,1111111111111111111111111111111111, 1111111 lilioli, 111 1111111111 11 1111111111 11
111111111111111111111111, 11111111111111111 111- 1111111 [lonium 11111, 11111111111111 11111111·
1111111111. nam 111111. sin amonium 11111 11111111111111·
‚ 1111111111 111 11111111 1111111111111111111111, 111111111111111,11111111111111111 111111111
³ 11111111111111111111111111111,11 11111111 111111111111111111111,11111111111111111,

l 11111 11111111111111 11111111111111111111111 aloa Euangeliou 1111111111 qula 111111111οά111

1111111111, 1111111111111111111111, 1111111 111111- animia 11111111 11111111 1111111 1111111111 1 111
1111111 1111111111. 1111 11111 111 111111 ilaus ln 11111 11 111111111111111111111 111111111111111111·
11 1111111111, at ln 11111111 judiciii 1111. 1111111, 111111111111111111111111111111. Boi·

1111111111111111111111 1111, 11 1111111 11111 11 11111111111 11111111111111,111111111111111111
1111111111111 111111111111111. 11 illlis 11 1111- umbraculum. 11111111 11111111, 11 1111111111 11111·
1111 reliquom 111111 1111111111 molo genero-0 1111111 1111111111 11111111111111111 1111111111111
1111111111. Aliquando ln 1111111111, 111 auium 111 111 1111111111 adilian : 11111111111111111111
1111111111111111111111111 11111111 1111111111111 1111111111111, 11 11111111 1111111111 1111111111,
111111111111111. 11111111111111111 11111111. 1111111 orgo 1111 lin·

0111111111· 11111111 1111111111111 11 111111111111 11111111111111111 111111111111111 1111111111
1111111111111 11111111111111111111111 1111111111· 11111 1111 11111111111111 11111 1111111111·
1111111 111 1111111111111111111 1111111111, 1111 111 11111111 11111111111111 1111111111 111 interilum.
1111111111, 111111 inpii 11111111,11111111111111- Qui 1111111 1111111111 1111111 : 111111 1111111111
11111111 1111111111 111111 1111 111111111111 11111111111111111111 1111111 1111111111 11111 111·
11111111, 11111111 11111111. 1111111111 111 111 11111111 1111111111111111111

111111111111111111 1111111 11111111, 111111111- 111111111111111111111111111111111.1111111111111
lun 1111111111 1111111111. 1111111111 11111111Ι 111111111111111111111111111111111111111111
lanu 11111111111111111111111111111111111111111111 1111111 1 111 111 11 11111111111111111 oum 1111-
1111. 111 11111111, 111 insimilitudinum 111111111111111

1111111111 11111111, aei 1111111111 illinitur· 111111111111111111111111111111111111111111111.
1111111 1111111111 11111111. El 11111111 111 1 Qui uili· Ι)11111111 111111, 11 111111 1111 1111111111111 quui uo
111111 1111111111 1111 111111 1111111111 1 qul 1111- 1111111111111111111 1111111111111111 1111111111
111111 1111111111 1111111111. 1111111, 1111111111 nou saturabuntur panolbio·

1111111111 11111 1111111111111111,1111111111111 111 ilai, alioue 11111 1111111111 1111111. Quia
11111 umbraculum. 1111 111111 hoo 111, 1111 111111 11111 nauali 1111111111 111111, 11111111111111
1111111 1111111 1111111111 1 111111111111111,1111111 suni, 1111111111 : 11111111111111 salutantur. 111-
11111111111111111, 111 111111111111111111,111111 111111 qunque diaboli, 111111111111111111111 ejus
ilina 111111 1111111111. 111111 1 Bi 111111111111 11111111111111111111, quo 1111111111, 11 1111111111-
11111 111111111111111, 11111111111111 111111111111 1111111111 11 1111111 11111111 1111 corporo 11-
1111111111111 1 1111111111 quidam, 111 111111 1111 111111111111111111111111111111.1111111111111111,
1111111111,1111111111 1111111111111111. 1111111111 ’111111111111111 1111111111, 1111111111111111111-
sicui 11111 1111111 auam, 1111111111111 111111 unu· 11111111111111111111111, 11111111111111111111,111
1111111111.11111111111111,11111111111111 1111 11111111 multudinem, 11111111111111 1111111111

111111111111111, 11111111111111111 11111111 11111 111111111111 111111111111 11111111, 11 111·

 

